date,time,weather_humidity,weather_temperature,soil_moisture,water_level,soil_temperature,soil_conductivity,soil_ph,soil_nitrogen,soil_phosporus,soil_potasium
29/05/2024,19:32:18,50.00,23.00,54.30,3.32,24.40,71,7.40,243,96,93
29/05/2024,20:32:18,50.00,23.00,53.90,0.12,24.40,72,7.40,243,97,9454
29/05/2024,21:32:18,50.00,23.00,52.30,1.44,24.30,63,7.50,241,92,8952
31/05/2024,13:47:08,50.00,23.00,64.90,4.90,22.50,22,7.50,30,196,194
31/05/2024,13:49:20,50.00,23.00,64.70,4.93,22.50,34,7.50,33,202,200
31/05/2024,13:49:32,50.00,23.00,66.60,4.06,22.50,36,7.50,33,203,201
31/05/2024,13:49:44,50.00,23.00,63.70,3.11,22.50,33,7.50,33,201,199
31/05/2024,13:49:56,50.00,23.00,67.40,3.28,22.50,36,7.50,33,203,201
31/05/2024,13:50:08,50.00,23.00,64.70,4.11,22.50,38,7.50,34,204,202
31/05/2024,13:50:21,50.00,23.00,64.70,0.73,22.60,37,7.50,33,203,201
31/05/2024,13:50:33,50.00,23.00,65.50,0.83,22.60,37,7.50,33,203,201
31/05/2024,13:50:45,50.00,23.00,66.60,1.19,22.50,39,7.50,34,204,202
31/05/2024,13:50:58,50.00,23.00,64.90,3.17,22.50,37,7.50,33,203,201
31/05/2024,13:51:10,50.00,23.00,63.70,4.12,22.50,38,7.50,34,204,202
31/05/2024,13:51:22,50.00,23.00,62.30,1.17,22.60,41,7.50,34,205,203
31/05/2024,13:51:35,50.00,23.00,62.30,3.35,22.50,38,7.50,34,204,202
31/05/2024,13:51:47,50.00,23.00,64.90,1.48,22.60,41,7.50,34,205,203
31/05/2024,13:51:59,50.00,23.00,63.70,3.91,22.60,41,7.40,34,205,203
31/05/2024,13:52:12,50.00,23.00,64.50,4.40,22.60,41,7.40,34,205,203
31/05/2024,13:52:24,50.00,23.00,65.50,4.45,22.60,42,7.50,34,206,204
31/05/2024,13:52:36,50.00,23.00,65.50,0.02,22.60,41,7.50,34,205,203
31/05/2024,13:52:48,50.00,23.00,64.70,0.93,22.60,44,7.50,35,207,204
31/05/2024,13:53:02,50.00,23.00,64.70,4.50,22.60,41,7.50,34,205,203
31/05/2024,13:53:13,50.00,23.00,62.30,1.17,22.60,46,7.50,35,208,205
31/05/2024,13:53:25,50.00,23.00,62.30,2.87,22.60,43,7.50,35,206,204
31/05/2024,13:53:38,50.00,23.00,64.70,3.63,22.60,43,7.50,35,206,204
31/05/2024,13:53:50,50.00,23.00,67.60,2.98,22.60,46,7.50,35,208,205
31/05/2024,13:54:02,50.00,23.00,66.20,2.43,22.60,46,7.50,35,208,205
31/05/2024,13:54:15,50.00,23.00,65.90,4.86,22.60,47,7.50,35,208,206
31/05/2024,13:54:27,50.00,23.00,62.10,1.13,22.60,44,7.50,35,207,204
31/05/2024,13:54:40,50.00,23.00,67.80,2.39,22.60,44,7.50,35,207,204
31/05/2024,13:54:52,50.00,23.00,63.70,1.54,22.60,46,7.50,35,208,205
31/05/2024,13:55:04,50.00,23.00,64.90,4.60,22.60,46,7.50,35,208,205
31/05/2024,13:55:16,50.00,23.00,67.80,4.43,22.60,49,7.50,36,209,207
31/05/2024,13:55:29,50.00,23.00,65.50,0.23,22.60,49,7.50,36,209,207
31/05/2024,13:55:41,50.00,23.00,64.50,2.35,22.60,49,7.50,36,209,207
31/05/2024,13:55:53,50.00,23.00,66.20,1.88,22.60,47,7.50,35,208,206
31/05/2024,13:56:06,50.00,23.00,65.50,3.61,22.60,47,7.50,35,208,206
31/05/2024,13:56:18,50.00,23.00,64.90,4.89,22.60,47,7.50,35,208,206
31/05/2024,13:56:30,50.00,23.00,64.90,0.40,22.60,49,7.50,36,209,207
31/05/2024,13:56:50,50.00,23.00,63.70,4.80,22.60,50,7.50,36,210,207
31/05/2024,13:57:30,50.00,23.00,62.30,3.34,22.60,49,7.50,36,209,207
31/05/2024,13:57:44,50.00,23.00,66.60,2.42,22.60,49,7.50,36,209,207
31/05/2024,13:57:57,50.00,23.00,64.70,1.68,22.60,49,7.50,36,209,207
31/05/2024,13:58:09,50.00,23.00,64.90,4.41,22.60,49,7.50,36,209,207
31/05/2024,13:58:21,50.00,23.00,62.30,2.23,22.60,49,7.50,36,209,207
31/05/2024,13:58:37,50.00,23.00,63.70,1.78,22.60,49,7.50,36,209,207
31/05/2024,13:58:46,50.00,23.00,66.20,2.26,22.60,51,7.50,36,210,208
31/05/2024,13:58:58,50.00,23.00,66.20,2.12,22.60,50,7.50,36,210,207
31/05/2024,13:59:11,50.00,23.00,64.70,0.71,22.60,50,7.50,36,210,207
31/05/2024,13:59:23,50.00,23.00,64.70,1.13,22.60,50,7.50,36,210,207
31/05/2024,13:59:35,50.00,23.00,67.20,4.85,22.60,50,7.50,36,210,207
31/05/2024,13:59:48,50.00,23.00,67.80,3.07,22.60,52,7.50,36,211,208
31/05/2024,14:00:00,50.00,23.00,63.70,2.11,22.60,52,7.50,36,211,208
31/05/2024,14:00:12,50.00,23.00,65.50,2.91,22.60,51,7.50,36,210,208
31/05/2024,14:00:27,50.00,23.00,64.70,0.81,22.60,54,7.60,37,212,209
31/05/2024,14:00:37,50.00,23.00,68.60,1.62,22.60,55,7.60,37,212,210
31/05/2024,14:00:49,50.00,23.00,64.90,4.21,22.60,52,7.60,36,211,208
31/05/2024,14:01:02,50.00,23.00,67.40,3.40,22.60,51,7.60,36,210,208
31/05/2024,14:01:14,50.00,23.00,64.70,2.63,22.60,56,7.60,37,213,210
31/05/2024,14:01:26,50.00,23.00,63.70,3.01,22.60,54,7.60,37,212,209
31/05/2024,14:01:39,50.00,23.00,62.30,2.33,22.60,55,7.60,37,212,210
31/05/2024,14:01:51,50.00,23.00,68.40,0.17,22.60,55,7.60,37,212,210
31/05/2024,14:02:03,50.00,23.00,64.50,4.72,22.60,55,7.60,37,212,210
31/05/2024,14:02:16,50.00,23.00,64.70,1.99,22.60,57,7.60,38,213,211
31/05/2024,14:02:28,50.00,23.00,63.70,1.23,22.60,56,7.60,37,213,210
31/05/2024,14:02:40,50.00,23.00,64.50,3.12,22.60,56,7.60,37,213,210
31/05/2024,14:02:52,50.00,23.00,64.70,2.38,22.60,56,7.60,37,213,210
31/05/2024,14:03:05,50.00,23.00,66.80,2.79,22.60,56,7.60,37,213,210
31/05/2024,14:03:17,50.00,23.00,63.90,1.94,22.60,57,7.60,38,213,211
31/05/2024,14:03:29,50.00,23.00,67.60,2.59,22.70,57,7.60,38,213,211
31/05/2024,14:03:42,50.00,23.00,63.70,0.50,22.60,57,7.60,38,213,211
31/05/2024,14:03:54,50.00,23.00,64.50,4.47,22.60,56,7.60,37,213,210
31/05/2024,14:04:06,50.00,23.00,63.70,2.40,22.70,57,7.60,38,213,211
31/05/2024,14:04:19,50.00,23.00,64.90,4.83,22.70,57,7.60,38,213,211
31/05/2024,14:04:31,50.00,23.00,64.90,0.84,22.60,59,7.60,38,214,212
31/05/2024,14:04:43,50.00,23.00,67.40,0.55,22.60,59,7.60,38,214,212
31/05/2024,14:04:56,50.00,23.00,63.70,2.57,22.60,57,7.60,38,213,211
31/05/2024,14:05:08,50.00,23.00,67.00,4.49,22.60,57,7.60,38,213,211
31/05/2024,14:05:20,50.00,23.00,64.90,0.72,22.60,59,7.60,38,214,212
31/05/2024,14:05:33,50.00,23.00,66.60,4.50,22.60,59,7.60,38,214,212
31/05/2024,14:05:45,50.00,23.00,66.60,3.33,22.60,59,7.60,38,214,212
31/05/2024,14:05:57,50.00,23.00,64.90,0.28,22.70,59,7.60,38,214,212
31/05/2024,14:06:10,50.00,23.00,64.70,2.77,22.70,59,7.60,38,214,212
31/05/2024,14:06:22,50.00,23.00,64.90,1.47,22.60,59,7.60,38,214,212
31/05/2024,14:06:34,50.00,23.00,64.70,1.78,22.60,59,7.60,38,214,212
31/05/2024,14:06:47,50.00,23.00,64.50,1.55,22.60,59,7.60,38,214,212
31/05/2024,14:06:59,50.00,23.00,64.90,2.92,22.60,60,7.60,38,214,212
31/05/2024,14:07:14,50.00,23.00,64.90,2.44,22.60,62,7.60,39,215,213
31/05/2024,14:07:24,50.00,23.00,65.50,4.98,22.70,60,7.60,38,214,212
31/05/2024,14:07:36,50.00,23.00,62.30,2.87,22.70,59,7.60,38,214,212
31/05/2024,14:07:48,50.00,23.00,63.70,1.37,22.60,59,7.60,38,214,212
31/05/2024,14:08:01,50.00,23.00,66.20,2.30,22.60,60,7.60,38,214,212
31/05/2024,14:08:13,50.00,23.00,64.50,3.33,22.60,62,7.60,39,215,213
31/05/2024,14:08:29,50.00,23.00,65.50,0.59,22.60,62,7.60,39,215,213
31/05/2024,14:08:38,50.00,23.00,62.30,1.16,22.60,62,7.60,39,215,213
31/05/2024,14:08:50,50.00,23.00,62.30,0.39,22.60,62,7.60,39,215,213
31/05/2024,14:09:02,50.00,23.00,64.50,0.96,22.60,62,7.60,39,215,213
31/05/2024,14:09:15,50.00,23.00,65.50,3.45,22.60,65,7.60,39,217,215
31/05/2024,14:09:27,50.00,23.00,64.70,1.47,22.70,63,7.60,39,216,214
31/05/2024,14:09:39,50.00,23.00,64.70,4.05,22.60,63,7.60,39,216,214
31/05/2024,14:09:52,50.00,23.00,68.00,1.79,22.70,63,7.60,39,216,214
31/05/2024,14:10:04,50.00,23.00,67.40,4.70,22.70,63,7.60,39,216,214
31/05/2024,14:10:16,50.00,23.00,65.50,4.03,22.60,62,7.60,39,215,213
31/05/2024,14:10:29,50.00,23.00,62.30,0.48,22.70,63,7.60,39,216,214
31/05/2024,14:10:41,50.00,23.00,64.90,3.01,22.70,64,7.60,39,216,214
31/05/2024,14:10:53,50.00,23.00,63.70,4.93,22.70,64,7.60,39,216,214
31/05/2024,14:11:06,50.00,23.00,64.70,4.83,22.70,62,7.60,39,215,213
31/05/2024,14:11:18,50.00,23.00,64.90,2.15,22.70,65,7.60,39,217,215
31/05/2024,14:11:30,50.00,23.00,65.50,1.84,22.70,64,7.60,39,216,214
31/05/2024,14:11:43,50.00,23.00,66.00,1.37,22.70,65,7.60,39,217,215
31/05/2024,14:11:55,50.00,23.00,64.90,2.14,22.70,64,7.60,39,216,214
31/05/2024,14:12:07,50.00,23.00,64.90,1.49,22.70,67,7.60,40,218,216
31/05/2024,14:12:19,50.00,23.00,63.70,2.92,22.70,67,7.60,40,218,216
31/05/2024,14:12:32,50.00,23.00,64.50,0.41,22.70,65,7.60,39,217,215
31/05/2024,14:15:32,50.00,23.00,64.70,3.93,22.70,67,7.60,40,218,216
31/05/2024,14:15:37,50.00,23.00,64.70,4.69,22.70,68,7.60,40,218,216
31/05/2024,14:15:49,50.00,23.00,64.70,0.89,22.70,68,7.60,40,218,216
31/05/2024,14:16:01,50.00,23.00,66.20,3.01,22.70,68,7.60,40,218,216
31/05/2024,14:16:14,50.00,23.00,70.00,0.44,22.70,68,7.60,40,218,216
31/05/2024,14:16:26,50.00,23.00,64.70,1.25,22.70,70,7.60,40,219,217
31/05/2024,14:16:38,50.00,23.00,64.90,4.35,22.70,70,7.60,40,219,217
31/05/2024,14:16:51,50.00,23.00,67.00,2.70,22.70,68,7.60,40,218,216
31/05/2024,14:17:03,50.00,23.00,64.90,0.83,22.70,68,7.60,40,218,216
31/05/2024,14:17:15,50.00,23.00,64.50,2.00,22.70,70,7.60,40,219,217
31/05/2024,14:17:28,50.00,23.00,64.70,2.52,22.70,70,7.60,40,219,217
31/05/2024,14:17:40,50.00,23.00,67.00,3.78,22.60,70,7.60,40,219,217
31/05/2024,14:17:52,50.00,23.00,64.70,1.35,22.70,70,7.60,40,219,217
31/05/2024,14:18:05,50.00,23.00,64.70,3.14,22.60,70,7.60,40,219,217
31/05/2024,14:18:46,50.00,23.00,64.90,2.27,22.60,70,7.60,40,219,217
31/05/2024,14:18:54,50.00,23.00,64.70,2.73,22.70,70,7.60,40,219,217
31/05/2024,14:19:06,50.00,23.00,66.80,0.57,22.70,72,7.60,41,220,218
31/05/2024,14:19:19,50.00,23.00,63.70,4.78,22.70,70,7.60,40,219,217
31/05/2024,14:19:31,50.00,23.00,26.20,3.27,20.50,70,7.50,40,219,217
31/05/2024,14:19:43,50.00,23.00,16.80,1.91,18.50,170,7.30,50,162,155
31/05/2024,14:19:56,50.00,23.00,15.10,3.93,16.00,169,7.20,50,162,155
31/05/2024,14:20:08,50.00,23.00,15.90,2.22,15.00,194,7.20,55,174,167
31/05/2024,14:20:20,50.00,23.00,63.70,4.18,18.70,189,7.10,54,171,165
31/05/2024,14:20:33,50.00,23.00,64.70,1.62,22.20,164,3.20,113,132,131
31/05/2024,14:20:45,50.00,23.00,63.70,4.34,22.50,168,4.60,114,134,133
31/05/2024,14:20:57,50.00,23.00,63.70,1.94,22.50,170,6.30,115,135,134
31/05/2024,14:21:10,50.00,23.00,65.90,4.86,22.50,176,7.10,116,138,137
31/05/2024,14:21:22,50.00,23.00,64.30,1.36,22.50,176,7.30,116,138,137
31/05/2024,14:21:34,50.00,23.00,64.10,4.45,22.60,176,7.30,116,138,137
31/05/2024,14:21:47,50.00,23.00,63.70,1.70,22.50,176,7.40,116,138,137
31/05/2024,14:21:59,50.00,23.00,64.90,4.72,22.50,178,7.30,116,139,138
31/05/2024,14:22:11,50.00,23.00,64.30,4.60,22.50,179,7.30,116,139,139
31/05/2024,14:22:24,50.00,23.00,63.70,1.54,22.60,176,7.30,116,138,137
31/05/2024,14:22:36,50.00,23.00,65.90,1.94,22.60,181,7.40,117,140,140
31/05/2024,14:22:48,50.00,23.00,62.30,0.83,22.60,181,7.40,117,140,140
31/05/2024,14:23:01,50.00,23.00,64.90,0.89,22.60,181,7.40,117,140,140
31/05/2024,14:23:13,50.00,23.00,65.50,3.00,22.60,181,7.40,117,140,140
31/05/2024,14:23:25,50.00,23.00,64.70,3.04,22.60,181,7.40,117,140,140
31/05/2024,14:23:38,50.00,23.00,65.70,1.53,22.60,181,7.40,117,140,140
31/05/2024,14:23:50,50.00,23.00,64.50,4.62,22.60,181,7.40,117,140,140
31/05/2024,14:24:03,50.00,23.00,63.30,0.36,22.60,183,7.40,117,141,141
31/05/2024,14:24:15,50.00,23.00,64.90,3.81,22.60,183,7.40,117,141,141
31/05/2024,14:24:27,50.00,23.00,62.30,3.67,22.60,183,7.40,117,141,141
31/05/2024,14:24:39,50.00,23.00,63.70,2.17,22.60,181,7.40,117,140,140
31/05/2024,14:24:52,50.00,23.00,62.30,1.60,22.60,183,7.40,117,141,141
31/05/2024,14:25:04,50.00,23.00,63.70,2.12,22.60,183,7.40,117,141,141
31/05/2024,14:25:16,50.00,23.00,64.70,0.80,22.60,183,7.40,117,141,141
31/05/2024,14:25:29,50.00,23.00,62.30,2.79,22.60,187,7.40,118,143,142
31/05/2024,14:26:11,50.00,23.00,64.10,0.02,22.60,187,7.40,118,143,142
31/05/2024,14:26:18,50.00,23.00,64.70,0.40,22.60,185,7.40,118,142,142
31/05/2024,14:26:30,50.00,23.00,64.70,4.17,22.60,185,7.40,118,142,142
31/05/2024,14:26:43,50.00,23.00,62.30,1.94,22.60,189,6.80,119,144,143
31/05/2024,14:26:55,50.00,23.00,62.30,4.18,22.60,189,6.60,119,144,143
31/05/2024,14:27:07,50.00,23.00,64.30,0.15,22.60,187,6.90,118,143,142
31/05/2024,14:27:20,50.00,23.00,64.70,3.63,22.60,189,7.00,119,144,143
31/05/2024,14:27:32,50.00,23.00,64.90,0.50,22.60,189,7.10,119,144,143
31/05/2024,14:27:44,50.00,23.00,65.50,1.94,22.60,189,7.20,119,144,143
31/05/2024,14:27:57,50.00,23.00,62.30,1.58,22.60,189,7.20,119,144,143
31/05/2024,14:28:09,50.00,23.00,68.40,3.80,22.60,189,7.20,119,144,143
31/05/2024,14:28:21,50.00,23.00,12.90,3.60,19.50,123,6.60,40,140,133
31/05/2024,14:28:34,50.00,23.00,12.50,4.69,16.70,120,6.50,40,138,131
31/05/2024,14:28:46,50.00,23.00,63.70,1.82,21.50,144,4.60,109,122,122
31/05/2024,14:28:58,50.00,23.00,61.70,0.88,22.30,146,8.00,110,123,123
31/05/2024,14:29:11,50.00,23.00,62.10,2.01,22.40,149,7.90,110,125,124
31/05/2024,14:29:23,50.00,23.00,64.30,2.72,22.40,148,7.80,110,124,124
31/05/2024,14:29:52,50.00,23.00,62.30,0.77,22.50,151,7.70,111,126,125
31/05/2024,14:30:00,50.00,23.00,61.70,1.96,22.50,153,7.60,111,127,126
31/05/2024,14:30:12,50.00,23.00,62.10,0.57,22.50,153,7.60,111,127,126
31/05/2024,14:30:41,50.00,23.00,64.30,3.49,22.50,153,7.50,111,127,126
31/05/2024,14:30:49,50.00,23.00,63.70,2.53,22.50,153,7.50,111,127,126
31/05/2024,14:31:02,50.00,23.00,64.50,3.59,22.50,157,7.50,112,129,128
31/05/2024,14:31:14,50.00,23.00,61.70,0.28,22.50,153,7.50,111,127,126
31/05/2024,14:31:26,50.00,23.00,62.10,3.90,22.50,155,7.50,111,128,127
31/05/2024,14:31:38,50.00,23.00,61.90,0.74,22.50,157,7.50,112,129,128
31/05/2024,14:31:51,50.00,23.00,61.70,1.47,22.50,157,7.50,112,129,128
31/05/2024,14:32:03,50.00,23.00,63.70,4.84,22.50,157,7.50,112,129,128
31/05/2024,14:32:16,50.00,23.00,63.70,0.93,22.50,157,7.50,112,129,128
31/05/2024,14:32:57,50.00,23.00,64.50,0.09,22.50,157,7.40,112,129,128
31/05/2024,14:33:05,50.00,23.00,61.90,4.05,22.50,155,7.40,111,128,127
31/05/2024,14:33:17,50.00,23.00,64.90,3.18,22.50,161,7.40,113,131,130
31/05/2024,14:33:30,50.00,23.00,64.10,3.03,22.50,157,7.40,112,129,128
31/05/2024,14:33:42,50.00,23.00,62.30,1.04,22.50,157,7.40,112,129,128
31/05/2024,14:33:54,50.00,23.00,63.70,1.71,22.50,157,7.40,112,129,128
31/05/2024,14:34:07,50.00,23.00,64.70,2.20,22.50,161,7.40,113,131,130
31/05/2024,14:34:19,50.00,23.00,64.30,4.32,22.50,161,7.40,113,131,130
31/05/2024,14:34:31,50.00,23.00,65.30,0.95,22.60,159,7.40,112,130,129
31/05/2024,14:34:44,50.00,23.00,62.90,4.28,22.50,159,7.40,112,130,129
31/05/2024,14:34:56,50.00,23.00,62.30,4.33,22.50,162,7.40,113,131,130
31/05/2024,14:35:08,50.00,23.00,62.10,4.17,22.50,161,7.40,113,131,130
31/05/2024,14:35:21,50.00,23.00,63.70,4.89,22.50,157,7.40,112,129,128
31/05/2024,14:35:33,50.00,23.00,64.10,0.22,22.50,157,7.40,112,129,128
31/05/2024,14:35:45,50.00,23.00,64.30,1.02,22.50,157,7.50,112,129,128
31/05/2024,14:35:58,50.00,23.00,62.10,1.42,22.50,157,7.50,112,129,128
31/05/2024,14:37:16,50.00,23.00,64.30,1.73,22.50,161,7.50,113,131,130
31/05/2024,14:37:24,50.00,23.00,62.90,3.00,22.50,161,7.50,113,131,130
31/05/2024,14:37:36,50.00,23.00,61.90,3.41,22.50,163,7.50,113,132,131
31/05/2024,14:37:49,50.00,23.00,62.10,1.91,22.50,163,7.50,113,132,131
31/05/2024,14:38:01,50.00,23.00,64.90,0.04,22.50,162,7.50,113,131,130
31/05/2024,14:38:13,50.00,23.00,61.50,4.42,22.50,163,7.50,113,132,131
31/05/2024,14:38:26,50.00,23.00,64.10,2.16,22.50,161,7.50,113,131,130
31/05/2024,14:38:38,50.00,23.00,63.30,3.85,22.60,163,7.50,113,132,131
31/05/2024,14:38:50,50.00,23.00,61.70,4.33,22.60,163,7.50,113,132,131
31/05/2024,14:39:03,50.00,23.00,64.10,2.75,22.50,163,7.50,113,132,131
31/05/2024,14:39:15,50.00,23.00,63.90,0.09,22.50,161,7.50,113,131,130
31/05/2024,14:39:27,50.00,23.00,61.50,3.83,22.50,161,7.50,113,131,130
31/05/2024,14:39:40,50.00,23.00,63.70,1.08,22.50,161,7.50,113,131,130
31/05/2024,14:39:52,50.00,23.00,64.50,1.77,22.50,163,7.50,113,132,131
31/05/2024,14:40:05,50.00,23.00,61.70,0.30,22.50,162,7.50,113,131,130
31/05/2024,14:40:17,50.00,23.00,65.30,2.11,22.50,163,7.50,113,132,131
31/05/2024,14:40:29,50.00,23.00,62.10,1.46,22.50,163,7.50,113,132,131
31/05/2024,14:40:41,50.00,23.00,63.30,2.46,22.50,163,7.50,113,132,131
31/05/2024,14:40:54,50.00,23.00,64.70,2.31,22.50,162,7.50,113,131,130
31/05/2024,14:41:06,50.00,23.00,63.70,1.45,22.50,163,7.50,113,132,131
31/05/2024,14:41:18,50.00,23.00,64.30,2.03,22.60,159,7.50,112,130,129
31/05/2024,14:41:31,50.00,23.00,63.70,1.77,22.50,163,7.50,113,132,131
31/05/2024,14:41:43,50.00,23.00,63.70,1.53,22.50,161,7.50,113,131,130
31/05/2024,14:41:55,50.00,23.00,62.10,3.64,22.50,163,7.50,113,132,131
31/05/2024,14:42:08,50.00,23.00,62.10,1.03,22.50,163,7.50,113,132,131
31/05/2024,14:42:20,50.00,23.00,63.70,4.74,22.50,161,7.50,113,131,130
31/05/2024,14:42:32,50.00,23.00,9.70,2.98,20.60,79,7.60,31,118,111
31/05/2024,14:42:45,50.00,23.00,18.40,0.20,18.10,81,3.50,31,119,112
31/05/2024,14:42:57,50.00,23.00,0.00,3.94,0.00,0,0.00,0,0,0
31/05/2024,14:43:09,50.00,23.00,64.10,1.82,22.10,210,6.40,123,154,154
31/05/2024,14:43:22,50.00,23.00,64.90,0.30,22.40,214,7.90,124,156,156
31/05/2024,14:43:34,50.00,23.00,62.30,0.89,22.40,216,7.80,124,157,157
31/05/2024,14:43:46,50.00,23.00,62.30,0.73,22.50,216,7.80,124,157,157
31/05/2024,14:43:59,50.00,23.00,65.50,1.66,22.50,220,7.70,125,159,159
31/05/2024,14:44:11,50.00,23.00,64.10,0.78,22.50,222,7.70,125,160,159
31/05/2024,14:44:23,50.00,23.00,63.70,4.55,22.50,220,7.70,125,159,159
31/05/2024,14:44:36,50.00,23.00,64.70,0.01,22.50,220,7.70,125,159,159
31/05/2024,14:44:48,50.00,23.00,64.30,2.77,22.50,220,7.60,125,159,159
31/05/2024,14:45:00,50.00,23.00,64.90,2.70,22.50,222,7.60,125,160,159
31/05/2024,14:45:13,50.00,23.00,64.70,3.61,22.50,224,7.60,126,161,160
31/05/2024,14:45:25,50.00,23.00,64.70,2.16,22.50,222,7.60,125,160,159
31/05/2024,14:46:20,50.00,23.00,64.10,3.49,22.50,220,7.60,125,159,159
31/05/2024,14:46:27,50.00,23.00,65.30,2.73,22.50,222,7.60,125,160,159
31/05/2024,14:46:39,50.00,23.00,62.10,4.93,22.50,222,7.60,125,160,159
31/05/2024,14:47:08,50.00,23.00,64.50,1.31,22.50,222,7.60,125,160,159
31/05/2024,14:47:16,50.00,23.00,64.90,0.76,22.50,224,7.60,126,161,160
31/05/2024,14:47:29,50.00,23.00,63.30,2.45,22.50,224,7.60,126,161,160
31/05/2024,14:47:41,50.00,23.00,66.20,2.82,22.50,224,7.60,126,161,160
31/05/2024,14:47:53,50.00,23.00,62.30,2.38,22.50,222,7.60,125,160,159
31/05/2024,14:48:05,50.00,23.00,65.10,0.46,22.50,224,7.60,126,161,160
31/05/2024,14:48:18,50.00,23.00,64.10,2.53,22.50,220,7.60,125,159,159
31/05/2024,14:48:30,50.00,23.00,64.70,2.37,22.50,226,7.60,126,162,161
31/05/2024,14:48:42,50.00,23.00,62.30,2.17,22.50,222,7.60,125,160,159
31/05/2024,14:48:55,50.00,23.00,63.70,2.00,22.50,220,7.60,125,159,159
31/05/2024,14:49:07,50.00,23.00,64.90,3.68,22.50,224,7.60,126,161,160
31/05/2024,14:49:19,50.00,23.00,63.70,3.11,22.50,224,7.60,126,161,160
31/05/2024,14:49:32,50.00,23.00,68.40,2.31,22.50,224,7.60,126,161,160
31/05/2024,14:49:44,50.00,23.00,64.70,0.23,22.50,222,7.60,125,160,159
31/05/2024,14:49:56,50.00,23.00,62.30,0.51,22.50,226,7.60,126,162,161
31/05/2024,14:50:09,50.00,23.00,62.30,1.81,22.50,224,7.60,126,161,160
31/05/2024,14:50:21,50.00,23.00,64.10,2.56,22.50,226,7.60,126,162,161
31/05/2024,14:50:33,50.00,23.00,63.70,3.59,22.50,222,7.60,125,160,159
31/05/2024,14:50:46,50.00,23.00,64.10,0.74,22.50,224,7.60,126,161,160
31/05/2024,14:50:58,50.00,23.00,64.50,0.42,22.50,224,7.60,126,161,160
31/05/2024,14:51:10,50.00,23.00,64.30,4.39,22.50,222,7.60,125,160,159
31/05/2024,14:51:23,50.00,23.00,65.90,3.16,22.50,224,7.60,126,161,160
31/05/2024,14:51:35,50.00,23.00,64.30,4.88,22.50,222,7.60,125,160,159
31/05/2024,14:51:47,50.00,23.00,64.10,4.82,22.50,224,7.60,126,161,160
31/05/2024,14:52:00,50.00,23.00,64.50,3.89,22.50,222,7.60,125,160,159
31/05/2024,14:52:12,50.00,23.00,65.50,2.23,22.50,222,7.60,125,160,159
31/05/2024,14:52:24,50.00,23.00,63.70,0.56,22.50,222,7.60,125,160,159
31/05/2024,14:52:37,50.00,23.00,64.70,4.93,22.50,222,7.60,125,160,159
31/05/2024,14:52:49,50.00,23.00,63.70,3.59,22.50,220,7.60,125,159,159
31/05/2024,14:53:01,50.00,23.00,64.70,2.40,22.50,224,7.60,126,161,160
31/05/2024,14:53:14,50.00,23.00,61.70,3.45,22.40,226,7.60,126,162,161
31/05/2024,14:53:26,50.00,23.00,61.50,1.47,22.50,226,7.60,126,162,161
31/05/2024,14:53:38,50.00,23.00,65.90,1.21,22.50,224,7.60,126,161,160
31/05/2024,14:53:51,50.00,23.00,64.50,2.98,22.50,226,7.60,126,162,161
31/05/2024,14:54:04,50.00,23.00,62.30,1.55,22.50,222,7.60,125,160,159
31/05/2024,14:54:15,50.00,23.00,67.80,3.47,22.50,222,7.60,125,160,159
31/05/2024,14:54:28,50.00,23.00,62.30,1.10,22.50,224,7.60,126,161,160
31/05/2024,14:54:40,50.00,23.00,62.30,4.53,22.50,224,7.60,126,161,160
31/05/2024,14:54:52,50.00,23.00,64.90,3.60,22.50,226,7.60,126,162,161
31/05/2024,14:55:05,50.00,23.00,64.90,4.62,22.50,220,7.60,125,159,159
31/05/2024,14:55:17,50.00,23.00,64.70,3.91,22.50,226,7.60,126,162,161
31/05/2024,14:55:29,50.00,23.00,64.30,4.67,22.50,222,7.60,125,160,159
31/05/2024,14:55:42,50.00,23.00,64.50,3.98,22.50,224,7.60,126,161,160
31/05/2024,14:55:54,50.00,23.00,64.10,1.47,22.50,224,7.60,126,161,160
31/05/2024,14:56:06,50.00,23.00,64.10,0.12,22.50,222,7.60,125,160,159
31/05/2024,14:56:19,50.00,23.00,64.70,4.50,22.50,224,7.60,126,161,160
31/05/2024,14:56:31,50.00,23.00,62.30,4.44,22.50,222,7.60,125,160,159
31/05/2024,14:56:43,50.00,23.00,62.30,3.67,22.50,224,7.60,126,161,160
31/05/2024,14:56:56,50.00,23.00,62.30,2.41,22.50,226,7.60,126,162,161
31/05/2024,14:57:08,50.00,23.00,62.30,1.46,22.50,222,7.60,125,160,159
31/05/2024,14:57:20,50.00,23.00,64.30,1.41,22.50,222,7.60,125,160,159
31/05/2024,14:57:33,50.00,23.00,64.70,3.75,22.50,222,7.60,125,160,159
31/05/2024,14:57:45,50.00,23.00,62.10,4.98,22.50,222,7.60,125,160,159
31/05/2024,14:57:57,50.00,23.00,64.90,2.73,22.50,224,7.60,126,161,160
31/05/2024,14:58:10,50.00,23.00,63.70,2.72,22.50,224,7.60,126,161,160
31/05/2024,14:58:22,50.00,23.00,65.30,1.82,22.50,222,7.60,125,160,159
31/05/2024,14:58:35,50.00,23.00,63.30,0.10,22.50,222,7.60,125,160,159
31/05/2024,14:58:47,50.00,23.00,63.70,2.05,22.50,220,7.60,125,159,159
31/05/2024,14:58:59,50.00,23.00,62.30,0.50,22.50,224,7.60,126,161,160
31/05/2024,14:59:12,50.00,23.00,64.90,4.41,22.50,224,7.60,126,161,160
31/05/2024,14:59:24,50.00,23.00,64.70,0.37,22.50,218,7.60,125,158,158
31/05/2024,14:59:36,50.00,23.00,64.70,3.96,22.50,220,7.60,125,159,159
31/05/2024,14:59:49,50.00,23.00,64.90,1.31,22.50,220,7.60,125,159,159
31/05/2024,15:00:01,50.00,23.00,64.30,4.63,22.50,224,7.60,126,161,160
31/05/2024,15:00:13,50.00,23.00,64.30,4.99,22.50,220,7.60,125,159,159
31/05/2024,15:00:26,50.00,23.00,62.30,1.84,22.50,222,7.60,125,160,159
31/05/2024,15:00:38,50.00,23.00,64.10,2.42,22.50,222,7.60,125,160,159
31/05/2024,15:00:50,50.00,23.00,64.30,1.15,22.50,222,7.60,125,160,159
31/05/2024,15:01:03,50.00,23.00,63.70,1.96,22.50,218,7.60,125,158,158
31/05/2024,15:01:15,50.00,23.00,62.30,1.30,22.50,222,7.60,125,160,159
31/05/2024,15:01:27,50.00,23.00,64.50,3.85,22.50,218,7.60,125,158,158
31/05/2024,15:01:39,50.00,23.00,64.30,0.24,22.50,222,7.60,125,160,159
31/05/2024,15:01:52,50.00,23.00,64.30,0.34,22.50,220,7.60,125,159,159
31/05/2024,15:02:04,50.00,23.00,62.30,2.17,22.50,216,7.60,124,157,157
31/05/2024,15:02:17,50.00,23.00,65.30,2.94,22.50,222,7.60,125,160,159
31/05/2024,15:02:29,50.00,23.00,62.30,1.75,22.50,224,7.60,126,161,160
31/05/2024,15:02:42,50.00,23.00,62.90,1.00,22.50,216,7.60,124,157,157
31/05/2024,15:02:54,50.00,23.00,62.10,4.11,22.50,218,7.60,125,158,158
31/05/2024,15:03:06,50.00,23.00,64.70,4.42,22.50,218,7.60,125,158,158
31/05/2024,15:03:18,50.00,23.00,64.10,2.96,22.50,220,7.60,125,159,159
